%Test%
a = 123;
b = 156;
MatrixA = [1 2 3; 4 5 6; 7 8 9];
